A=[-0.0019 0.0024 -0.0009;-0.0034 -0.0043 -0.0008;-0.0009 -0.0052 -0.0055];
B=[0.0003 0.0013 -0.0566; -0.0005 0.0019 -0.0822; 0.0025 0.0067 -0.2818];
C=[-12.8258 4.0787 0.1685;-3.7520 -0.8266 -1.9955;-6.2674 -17.6857 -0.7129];
D=zeros(3,3);